              carat         depth         table         price             x  \
count  53940.000000  53940.000000  53940.000000  53940.000000  53940.000000   
mean       0.797940     61.749405     57.457184   3932.799722      5.731157   
std        0.474011      1.432621      2.234491   3989.439738      1.121761   
min        0.200000     43.000000     43.000000    326.000000      0.000000   
25%        0.400000     61.000000     56.000000    950.000000      4.710000   
50%        0.700000     61.800000     57.000000   2401.000000      5.700000   
75%        1.040000     62.500000     59.000000   5324.250000      6.540000   
max        5.010000     79.000000     95.000000  18823.000000     10.740000   

                  y             z  
count  53940.000000  53940.000000  
mean       5.734526      3.538734  
std        1.142135      0.705699  
min        0.000000      0.000000  
25%        4.720000      2.910000  
50%        5.710000      3.530000  
75%        6.540000      4.040000  
max       58.900000     31.800000 